20.149222852064128 17.845719633739034 6.173421039697286 -4.437212500665711 7.54264313015928 
40.56000264288096 31.102835407912256 15.005030408146228 -13.59896101103929 21.24368217620263 
60.27773626391708 41.878994013508276 18.27336802266377 -18.056935319241223 28.837798250224896 
80.29370875405155 47.873938940109866 15.689246718908107 -15.828641130681033 29.498197889194408 
100.00735527419022 49.82140589708658 16.417500667385255 -14.425831942730856 25.83992520020767 
119.84490288704379 48.14033251218107 22.459284220203173 -19.79335741670581 27.860335520958017 
140.1061225585765 42.467012711059525 17.35073351976656 -17.279093024879995 29.045912176198996 
161.10684787742485 31.893346767768094 19.880940406416574 -19.051733282616276 30.82895273494845 
181.00606170452195 17.002415783091042 18.683336184254713 -18.938639102428724 31.485726102578784 
200.10943701290057 -0.29264579745272523 20.458665626220462 -18.113115504187 29.63764442450183 
